------------------------------------------
 First Pass 
Debugging Pretty Print of Pass 1 
                                                             
                               1                              
               1             1 1 1                   1        
     1           1         1 1 2 1 1                 1        
       1       1         1 1 2 3 2 1 1               1        
         1     1       1 1 2 3 4 3 2 1 1           1          
           1   1     1 1 2 3 4 4 4 3 2 1 1           1        
         1     1   1 1 2 3 4 4 5 4 4 3 2 1 1           1      
           1   1   1 2 3 4 4 5 6 5 4 4 3 2 1         1        
         1     1   1 2 3 4 5 6 7 6 5 4 4 3 1           1      
         1   1 1   1 2 3 4 5 6 7 7 6 5 4 3 1             1    
     1 1 1   1     1 2 3 4 5 6 7 7 7 6 4 3 1 1 1 1 1 1 1      
     1       1   1 1 2 3 4 5 6 7 8 7 6 4 3 2                  
     1   1 1 1     1 2 3 4 5 6 7 8 7 6 4 4 1                  
     1               1 2 3 4 5 6 7 7 6 5 3   1                
       1           1     1 2 3 4 5 6 7         1              
         1       1         1 2 3 4 5             1            
         1     1             1 2 3                 1          
         1 1   1               1                              
         1     1                                              
         1                     1                              
           1                   1                              
                             1 1 1                 1          
         1     1             1 2 1               1            
           1 1             1 1 2 1 1           1              
             1           1 1 2 3 2 1 1       1                
           1   1       1 1 2 3 4 3 2 1 1   1                  
         1       1   1 1 2 3 4 4 4 3 2 1 1                    
                   1 1 2 3 4 4 5 4 4 3 2 1 1                  
                   1 2 3 4 4 5 6 5 4 4 3 2 1                  
                   1 2 3 4 5 6 7 6 5 4 4 3 1                  
       1           1 2 3 4 5 6 7 7 6 5 4 3 1                  
         1         1 2 3 4 5 6 7 7 7 6 4 3 1                  
         1         1 2 3 4 5 6 7 8 7 6 4 3 1                  
           1       1 2 3 4 5 6 7 8 7 6 4 3 1                  
       1         1   1 2 3 4 5 6 7 7 6 4 3                    
         1     1         1 2 3 4 5 6 6                        
     1     1 1             1 2 3 4 5                          
       1   1                 1 2 3                            
         1                   1 2 1                            
                               1                              
                                                              
------------------------------------------
 Second Pass 
Debugging Pretty Print of Pass 2 
                                                             
                               1                              
               1             1 1 1                   1        
     1           1         1 1 2 1 1                 1        
       1       1         1 1 2 3 2 1 1               1        
         1     1       1 1 2 3 4 3 2 1 1           1          
           1   1     1 1 2 3 4 4 4 3 2 1 1           1        
         1     1   1 1 2 3 4 4 5 4 4 3 2 1 1           1      
           1   1   1 2 3 4 4 5 6 5 4 4 3 2 1         1        
         1     1   1 2 3 4 5 6 7 6 5 4 3 2 1           1      
         1   1 1   1 2 3 4 5 6 7 6 5 4 3 2 1             1    
     1 1 1   1     1 2 3 4 5 6 6 5 5 4 3 2 1 1 1 1 1 1 1      
     1       1   1 1 2 3 4 5 6 5 4 4 3 3 2 1                  
     1   1 1 1     1 2 2 3 4 5 4 4 3 2 2 1 1                  
     1               1 1 2 3 4 4 3 2 1 1 1   1                
       1           1     1 2 3 3 2 1 1         1              
         1       1         1 2 2 1 1             1            
         1     1             1 1 1                 1          
         1 1   1               1                              
         1     1                                              
         1                     1                              
           1                   1                              
                             1 1 1                 1          
         1     1             1 2 1               1            
           1 1             1 1 2 1 1           1              
             1           1 1 2 3 2 1 1       1                
           1   1       1 1 2 3 4 3 2 1 1   1                  
         1       1   1 1 2 3 4 4 4 3 2 1 1                    
                   1 1 2 3 4 4 5 4 4 3 2 1 1                  
                   1 2 3 4 4 5 6 5 4 4 3 2 1                  
                   1 2 3 4 5 6 7 6 5 4 3 2 1                  
       1           1 2 3 4 5 6 7 6 5 4 3 2 1                  
         1         1 2 3 4 5 6 6 5 5 4 3 2 1                  
         1         1 2 3 4 5 6 5 4 4 3 3 2 1                  
           1       1 2 2 3 4 5 4 4 3 2 2 1 1                  
       1         1   1 1 2 3 4 4 3 2 1 1 1                    
         1     1         1 2 3 3 2 1 1                        
     1     1 1             1 2 2 1 1                          
       1   1                 1 2 1                            
         1                   1 1 1                            
                               1                              
                                                              
